0.000606100000000000
0.001086000000000000
0.001946000000000000
0.003486000000000000
0.006450001000000000
0.010549990000000000
0.020050010000000000
0.036209999999999999
0.067850010000000002
0.110200000000000010
0.207400000000000000
0.371300000000000020
0.645599999999999950
1.039050100000000100
1.385599999999999900
1.622960000000000000
1.747060000000000100
1.782600000000000000
1.772110000000000100
1.744100000000000000
1.669200000000000000
1.528100000000000000
1.287639999999999900
1.041900000000000000
0.812950100000000010
0.616199999999999970
0.465179999999999980
0.353300000000000000
0.272000000000000020
0.212299999999999990
0.158200000000000010
0.111699999999999990
0.078249990000000005
0.057250009999999997
0.042160000000000003
0.029839999999999998
0.020299999999999999
0.013400000000000000
0.008749999000000000
0.005749999000000000
0.003900000000000000
0.002749999000000000
0.002100000000000000
0.001800000000000000
0.001650001000000000
0.001400000000000000
0.001100000000000000
0.001000000000000000
0.000800000000000000
0.000600000000000000
0.000340000000000000
0.000240000000000000
0.000190000000000000
0.000100000000000000
0.000050000000000000
0.000030000000000000
0.000020000000000000
0.000010000000000000
0.000000000000000000
0.000000000000000000
0.000000000000000000
0.000000000000000000
0.000000000000000000
0.000000000000000000
0.000000000000000000
0.000000000000000000
0.000000000000000000
0.000000000000000000
0.000000000000000000
0.000000000000000000
0.000000000000000000
0.000000000000000000
0.000000000000000000
0.000000000000000000
0.000000000000000000
0.000000000000000000
0.000000000000000000
0.000000000000000000
0.000000000000000000
0.000000000000000000
0.000000000000000000
0.000000000000000000
0.000000000000000000
0.000000000000000000
0.000000000000000000
0.000000000000000000
0.000000000000000000
0.000000000000000000
0.000000000000000000
0.000000000000000000
0.000000000000000000
0.000000000000000000
0.000000000000000000
0.000000000000000000
0.000000000000000000
